#Body number: 2
#Body Shape: Box 0.10000000149011612 0.10000000149011612 0.10000000149011612 Box 0.10000000149011612 0.10000000149011612 0.10000000149011612 
#Simulation number: 1
#Step number: 300
0.0 0.0 2.1500000953674316 0.0 0.0 0.0 1.0 0.0 0.0 1.9998059272766113 0.0 0.0 0.0 1.0
0.0 0.0 2.1500000953674316 0.0 0.0 0.0 1.0 0.0 0.0 1.9995241165161133 0.0 0.0 0.0 1.0
0.0 0.0 2.1500000953674316 0.0 0.0 0.0 1.0 0.0 0.0 1.9991557598114014 0.0 0.0 0.0 1.0
0.0 0.0 2.1500000953674316 0.0 0.0 0.0 1.0 0.0 0.0 1.9987022876739502 0.0 0.0 0.0 1.0
0.0 0.0 2.1500000953674316 0.0 0.0 0.0 1.0 0.0 0.0 1.9981657266616821 0.0 0.0 0.0 1.0
0.0 0.0 2.1500000953674316 0.0 0.0 0.0 1.0 0.0 0.0 1.9975484609603882 0.0 0.0 0.0 1.0
0.0 0.0 2.1500000953674316 0.0 0.0 0.0 1.0 0.0 0.0 1.996853232383728 0.0 0.0 0.0 1.0
0.0 0.0 2.1500000953674316 0.0 0.0 0.0 1.0 0.0 0.0 1.996083378791809 0.0 0.0 0.0 1.0
0.0 0.0 2.1500000953674316 0.0 0.0 0.0 1.0 0.0 0.0 1.9952424764633179 0.0 0.0 0.0 1.0
0.0 0.0 2.1500000953674316 0.0 0.0 0.0 1.0 0.0 0.0 1.9943346977233887 0.0 0.0 0.0 1.0
0.0 0.0 2.1500000953674316 0.0 0.0 0.0 1.0 0.0 0.0 1.993364691734314 0.0 0.0 0.0 1.0
0.0 0.0 2.1500000953674316 0.0 0.0 0.0 1.0 0.0 0.0 1.9923373460769653 0.0 0.0 0.0 1.0
0.0 0.0 2.1500000953674316 0.0 0.0 0.0 1.0 0.0 0.0 1.9912582635879517 0.0 0.0 0.0 1.0
0.0 0.0 2.1500000953674316 0.0 0.0 0.0 1.0 0.0 0.0 1.9901334047317505 0.0 0.0 0.0 1.0
0.0 0.0 2.1500000953674316 0.0 0.0 0.0 1.0 0.0 0.0 1.9889689683914185 0.0 0.0 0.0 1.0
0.0 0.0 2.1500000953674316 0.0 0.0 0.0 1.0 0.0 0.0 1.9877715110778809 0.0 0.0 0.0 1.0
0.0 0.0 2.1500000953674316 0.0 0.0 0.0 1.0 0.0 0.0 1.9865479469299316 0.0 0.0 0.0 1.0
0.0 0.0 2.1500000953674316 0.0 0.0 0.0 1.0 0.0 0.0 1.9853054285049438 0.0 0.0 0.0 1.0
0.0 0.0 2.1500000953674316 0.0 0.0 0.0 1.0 0.0 0.0 1.98405122756958 0.0 0.0 0.0 1.0
0.0 0.0 2.1500000953674316 0.0 0.0 0.0 1.0 0.0 0.0 1.982792615890503 0.0 0.0 0.0 1.0
0.0 0.0 2.1500000953674316 0.0 0.0 0.0 1.0 0.0 0.0 1.981537103652954 0.0 0.0 0.0 1.0
0.0 0.0 2.1500000953674316 0.0 0.0 0.0 1.0 0.0 0.0 1.9802920818328857 0.0 0.0 0.0 1.0
0.0 0.0 2.1500000953674316 0.0 0.0 0.0 1.0 0.0 0.0 1.97906494140625 0.0 0.0 0.0 1.0
0.0 0.0 2.1500000953674316 0.0 0.0 0.0 1.0 0.0 0.0 1.977863073348999 0.0 0.0 0.0 1.0
0.0 0.0 2.1500000953674316 0.0 0.0 0.0 1.0 0.0 0.0 1.976693868637085 0.0 0.0 0.0 1.0
0.0 0.0 2.1500000953674316 0.0 0.0 0.0 1.0 0.0 0.0 1.9755643606185913 0.0 0.0 0.0 1.0
0.0 0.0 2.1500000953674316 0.0 0.0 0.0 1.0 0.0 0.0 1.9744813442230225 0.0 0.0 0.0 1.0
0.0 0.0 2.1500000953674316 0.0 0.0 0.0 1.0 0.0 0.0 1.9734514951705933 0.0 0.0 0.0 1.0
0.0 0.0 2.1500000953674316 0.0 0.0 0.0 1.0 0.0 0.0 1.97248113155365 0.0 0.0 0.0 1.0
0.0 0.0 2.1500000953674316 0.0 0.0 0.0 1.0 0.0 0.0 1.971576452255249 0.0 0.0 0.0 1.0
0.0 0.0 2.1500000953674316 0.0 0.0 0.0 1.0 0.0 0.0 1.9707434177398682 0.0 0.0 0.0 1.0
0.0 0.0 2.1500000953674316 0.0 0.0 0.0 1.0 0.0 0.0 1.9699877500534058 0.0 0.0 0.0 1.0
0.0 0.0 2.1500000953674316 0.0 0.0 0.0 1.0 0.0 0.0 1.9693151712417603 0.0 0.0 0.0 1.0
0.0 0.0 2.1500000953674316 0.0 0.0 0.0 1.0 0.0 0.0 1.9687308073043823 0.0 0.0 0.0 1.0
0.0 0.0 2.1500000953674316 0.0 0.0 0.0 1.0 0.0 0.0 1.968239426612854 0.0 0.0 0.0 1.0
0.0 0.0 2.1500000953674316 0.0 0.0 0.0 1.0 0.0 0.0 1.96784508228302 0.0 0.0 0.0 1.0
0.0 0.0 2.1500000953674316 0.0 0.0 0.0 1.0 0.0 0.0 1.9675512313842773 0.0 0.0 0.0 1.0
0.0 0.0 2.1500000953674316 0.0 0.0 0.0 1.0 0.0 0.0 1.967360496520996 0.0 0.0 0.0 1.0
0.0 0.0 2.1500000953674316 0.0 0.0 0.0 1.0 0.0 0.0 1.9672746658325195 0.0 0.0 0.0 1.0
0.0 0.0 2.1500000953674316 0.0 0.0 0.0 1.0 0.0 0.0 1.967294692993164 0.0 0.0 0.0 1.0
0.0 0.0 2.1500000953674316 0.0 0.0 0.0 1.0 0.0 0.0 1.9674208164215088 0.0 0.0 0.0 1.0
0.0 0.0 2.1500000953674316 0.0 0.0 0.0 1.0 0.0 0.0 1.9676523208618164 0.0 0.0 0.0 1.0
0.0 0.0 2.1500000953674316 0.0 0.0 0.0 1.0 0.0 0.0 1.9679876565933228 0.0 0.0 0.0 1.0
0.0 0.0 2.1500000953674316 0.0 0.0 0.0 1.0 0.0 0.0 1.9684244394302368 0.0 0.0 0.0 1.0
0.0 0.0 2.1500000953674316 0.0 0.0 0.0 1.0 0.0 0.0 1.9689595699310303 0.0 0.0 0.0 1.0
0.0 0.0 2.1500000953674316 0.0 0.0 0.0 1.0 0.0 0.0 1.9695892333984375 0.0 0.0 0.0 1.0
0.0 0.0 2.1500000953674316 0.0 0.0 0.0 1.0 0.0 0.0 1.9703086614608765 0.0 0.0 0.0 1.0
0.0 0.0 2.1500000953674316 0.0 0.0 0.0 1.0 0.0 0.0 1.9711127281188965 0.0 0.0 0.0 1.0
0.0 0.0 2.1500000953674316 0.0 0.0 0.0 1.0 0.0 0.0 1.9719959497451782 0.0 0.0 0.0 1.0
0.0 0.0 2.1500000953674316 0.0 0.0 0.0 1.0 0.0 0.0 1.9729522466659546 0.0 0.0 0.0 1.0
0.0 0.0 2.1500000953674316 0.0 0.0 0.0 1.0 0.0 0.0 1.973975658416748 0.0 0.0 0.0 1.0
0.0 0.0 2.1500000953674316 0.0 0.0 0.0 1.0 0.0 0.0 1.9750597476959229 0.0 0.0 0.0 1.0
0.0 0.0 2.1500000953674316 0.0 0.0 0.0 1.0 0.0 0.0 1.9761981964111328 0.0 0.0 0.0 1.0
0.0 0.0 2.1500000953674316 0.0 0.0 0.0 1.0 0.0 0.0 1.977384090423584 0.0 0.0 0.0 1.0
0.0 0.0 2.1500000953674316 0.0 0.0 0.0 1.0 0.0 0.0 1.9786103963851929 0.0 0.0 0.0 1.0
0.0 0.0 2.1500000953674316 0.0 0.0 0.0 1.0 0.0 0.0 1.9798697233200073 0.0 0.0 0.0 1.0
0.0 0.0 2.1500000953674316 0.0 0.0 0.0 1.0 0.0 0.0 1.9811545610427856 0.0 0.0 0.0 1.0
0.0 0.0 2.1500000953674316 0.0 0.0 0.0 1.0 0.0 0.0 1.9824572801589966 0.0 0.0 0.0 1.0
0.0 0.0 2.1500000953674316 0.0 0.0 0.0 1.0 0.0 0.0 1.9837700128555298 0.0 0.0 0.0 1.0
0.0 0.0 2.1500000953674316 0.0 0.0 0.0 1.0 0.0 0.0 1.9850850105285645 0.0 0.0 0.0 1.0
0.0 0.0 2.1500000953674316 0.0 0.0 0.0 1.0 0.0 0.0 1.9863944053649902 0.0 0.0 0.0 1.0
0.0 0.0 2.1500000953674316 0.0 0.0 0.0 1.0 0.0 0.0 1.9876904487609863 0.0 0.0 0.0 1.0
0.0 0.0 2.1500000953674316 0.0 0.0 0.0 1.0 0.0 0.0 1.9889655113220215 0.0 0.0 0.0 1.0
0.0 0.0 2.1500000953674316 0.0 0.0 0.0 1.0 0.0 0.0 1.9902119636535645 0.0 0.0 0.0 1.0
0.0 0.0 2.1500000953674316 0.0 0.0 0.0 1.0 0.0 0.0 1.991422414779663 0.0 0.0 0.0 1.0
0.0 0.0 2.1500000953674316 0.0 0.0 0.0 1.0 0.0 0.0 1.9925899505615234 0.0 0.0 0.0 1.0
0.0 0.0 2.1500000953674316 0.0 0.0 0.0 1.0 0.0 0.0 1.9937077760696411 0.0 0.0 0.0 1.0
0.0 0.0 2.1500000953674316 0.0 0.0 0.0 1.0 0.0 0.0 1.9947696924209595 0.0 0.0 0.0 1.0
0.0 0.0 2.1500000953674316 0.0 0.0 0.0 1.0 0.0 0.0 1.995769739151001 0.0 0.0 0.0 1.0
0.0 0.0 2.1500000953674316 0.0 0.0 0.0 1.0 0.0 0.0 1.9967025518417358 0.0 0.0 0.0 1.0
0.0 0.0 2.1500000953674316 0.0 0.0 0.0 1.0 0.0 0.0 1.997563362121582 0.0 0.0 0.0 1.0
0.0 0.0 2.1500000953674316 0.0 0.0 0.0 1.0 0.0 0.0 1.9983476400375366 0.0 0.0 0.0 1.0
0.0 0.0 2.1500000953674316 0.0 0.0 0.0 1.0 0.0 0.0 1.999051570892334 0.0 0.0 0.0 1.0
0.0 0.0 2.1500000953674316 0.0 0.0 0.0 1.0 0.0 0.0 1.9996716976165771 0.0 0.0 0.0 1.0
0.0 0.0 2.1500000953674316 0.0 0.0 0.0 1.0 0.0 0.0 2.0002050399780273 0.0 0.0 0.0 1.0
0.0 0.0 2.1500000953674316 0.0 0.0 0.0 1.0 0.0 0.0 2.0006492137908936 0.0 0.0 0.0 1.0
0.0 0.0 2.1500000953674316 0.0 0.0 0.0 1.0 0.0 0.0 2.001002073287964 0.0 0.0 0.0 1.0
0.0 0.0 2.1500000953674316 0.0 0.0 0.0 1.0 0.0 0.0 2.0012621879577637 0.0 0.0 0.0 1.0
0.0 0.0 2.1500000953674316 0.0 0.0 0.0 1.0 0.0 0.0 2.0014283657073975 0.0 0.0 0.0 1.0
0.0 0.0 2.1500000953674316 0.0 0.0 0.0 1.0 0.0 0.0 2.001499652862549 0.0 0.0 0.0 1.0
0.0 0.0 2.1500000953674316 0.0 0.0 0.0 1.0 0.0 0.0 2.0014760494232178 0.0 0.0 0.0 1.0
0.0 0.0 2.1500000953674316 0.0 0.0 0.0 1.0 0.0 0.0 2.0013577938079834 0.0 0.0 0.0 1.0
0.0 0.0 2.1500000953674316 0.0 0.0 0.0 1.0 0.0 0.0 2.001145124435425 0.0 0.0 0.0 1.0
0.0 0.0 2.1500000953674316 0.0 0.0 0.0 1.0 0.0 0.0 2.0008389949798584 0.0 0.0 0.0 1.0
0.0 0.0 2.1500000953674316 0.0 0.0 0.0 1.0 0.0 0.0 2.0004405975341797 0.0 0.0 0.0 1.0
0.0 0.0 2.1500000953674316 0.0 0.0 0.0 1.0 0.0 0.0 1.9999514818191528 0.0 0.0 0.0 1.0
0.0 0.0 2.1500000953674316 0.0 0.0 0.0 1.0 0.0 0.0 1.9993736743927002 0.0 0.0 0.0 1.0
0.0 0.0 2.1500000953674316 0.0 0.0 0.0 1.0 0.0 0.0 1.9987095594406128 0.0 0.0 0.0 1.0
0.0 0.0 2.1500000953674316 0.0 0.0 0.0 1.0 0.0 0.0 1.9979619979858398 0.0 0.0 0.0 1.0
0.0 0.0 2.1500000953674316 0.0 0.0 0.0 1.0 0.0 0.0 1.9971343278884888 0.0 0.0 0.0 1.0
0.0 0.0 2.1500000953674316 0.0 0.0 0.0 1.0 0.0 0.0 1.9962304830551147 0.0 0.0 0.0 1.0
0.0 0.0 2.1500000953674316 0.0 0.0 0.0 1.0 0.0 0.0 1.995254635810852 0.0 0.0 0.0 1.0
0.0 0.0 2.1500000953674316 0.0 0.0 0.0 1.0 0.0 0.0 1.9942115545272827 0.0 0.0 0.0 1.0
0.0 0.0 2.1500000953674316 0.0 0.0 0.0 1.0 0.0 0.0 1.9931066036224365 0.0 0.0 0.0 1.0
0.0 0.0 2.1500000953674316 0.0 0.0 0.0 1.0 0.0 0.0 1.9919456243515015 0.0 0.0 0.0 1.0
0.0 0.0 2.1500000953674316 0.0 0.0 0.0 1.0 0.0 0.0 1.9907348155975342 0.0 0.0 0.0 1.0
0.0 0.0 2.1500000953674316 0.0 0.0 0.0 1.0 0.0 0.0 1.9894808530807495 0.0 0.0 0.0 1.0
0.0 0.0 2.1500000953674316 0.0 0.0 0.0 1.0 0.0 0.0 1.988190770149231 0.0 0.0 0.0 1.0
0.0 0.0 2.1500000953674316 0.0 0.0 0.0 1.0 0.0 0.0 1.9868719577789307 0.0 0.0 0.0 1.0
0.0 0.0 2.1500000953674316 0.0 0.0 0.0 1.0 0.0 0.0 1.9855320453643799 0.0 0.0 0.0 1.0
0.0 0.0 2.1500000953674316 0.0 0.0 0.0 1.0 0.0 0.0 1.984178900718689 0.0 0.0 0.0 1.0
0.0 0.0 2.1500000953674316 0.0 0.0 0.0 1.0 0.0 0.0 1.9828203916549683 0.0 0.0 0.0 1.0
0.0 0.0 2.1500000953674316 0.0 0.0 0.0 1.0 0.0 0.0 1.9814646244049072 0.0 0.0 0.0 1.0
0.0 0.0 2.1500000953674316 0.0 0.0 0.0 1.0 0.0 0.0 1.9801195859909058 0.0 0.0 0.0 1.0
0.0 0.0 2.1500000953674316 0.0 0.0 0.0 1.0 0.0 0.0 1.9787932634353638 0.0 0.0 0.0 1.0
0.0 0.0 2.1500000953674316 0.0 0.0 0.0 1.0 0.0 0.0 1.9774936437606812 0.0 0.0 0.0 1.0
0.0 0.0 2.1500000953674316 0.0 0.0 0.0 1.0 0.0 0.0 1.9762285947799683 0.0 0.0 0.0 1.0
0.0 0.0 2.1500000953674316 0.0 0.0 0.0 1.0 0.0 0.0 1.975005865097046 0.0 0.0 0.0 1.0
0.0 0.0 2.1500000953674316 0.0 0.0 0.0 1.0 0.0 0.0 1.9738328456878662 0.0 0.0 0.0 1.0
0.0 0.0 2.1500000953674316 0.0 0.0 0.0 1.0 0.0 0.0 1.9727166891098022 0.0 0.0 0.0 1.0
0.0 0.0 2.1500000953674316 0.0 0.0 0.0 1.0 0.0 0.0 1.971664309501648 0.0 0.0 0.0 1.0
0.0 0.0 2.1500000953674316 0.0 0.0 0.0 1.0 0.0 0.0 1.9706826210021973 0.0 0.0 0.0 1.0
0.0 0.0 2.1500000953674316 0.0 0.0 0.0 1.0 0.0 0.0 1.9697784185409546 0.0 0.0 0.0 1.0
0.0 0.0 2.1500000953674316 0.0 0.0 0.0 1.0 0.0 0.0 1.9689583778381348 0.0 0.0 0.0 1.0
0.0 0.0 2.1500000953674316 0.0 0.0 0.0 1.0 0.0 0.0 1.9682289361953735 0.0 0.0 0.0 1.0
0.0 0.0 2.1500000953674316 0.0 0.0 0.0 1.0 0.0 0.0 1.9675959348678589 0.0 0.0 0.0 1.0
0.0 0.0 2.1500000953674316 0.0 0.0 0.0 1.0 0.0 0.0 1.9670647382736206 0.0 0.0 0.0 1.0
0.0 0.0 2.1500000953674316 0.0 0.0 0.0 1.0 0.0 0.0 1.966639757156372 0.0 0.0 0.0 1.0
0.0 0.0 2.1500000953674316 0.0 0.0 0.0 1.0 0.0 0.0 1.966324806213379 0.0 0.0 0.0 1.0
0.0 0.0 2.1500000953674316 0.0 0.0 0.0 1.0 0.0 0.0 1.9661226272583008 0.0 0.0 0.0 1.0
0.0 0.0 2.1500000953674316 0.0 0.0 0.0 1.0 0.0 0.0 1.96603524684906 0.0 0.0 0.0 1.0
0.0 0.0 2.1500000953674316 0.0 0.0 0.0 1.0 0.0 0.0 1.9660636186599731 0.0 0.0 0.0 1.0
0.0 0.0 2.1500000953674316 0.0 0.0 0.0 1.0 0.0 0.0 1.9662079811096191 0.0 0.0 0.0 1.0
0.0 0.0 2.1500000953674316 0.0 0.0 0.0 1.0 0.0 0.0 1.9664673805236816 0.0 0.0 0.0 1.0
0.0 0.0 2.1500000953674316 0.0 0.0 0.0 1.0 0.0 0.0 1.9668402671813965 0.0 0.0 0.0 1.0
0.0 0.0 2.1500000953674316 0.0 0.0 0.0 1.0 0.0 0.0 1.967323899269104 0.0 0.0 0.0 1.0
0.0 0.0 2.1500000953674316 0.0 0.0 0.0 1.0 0.0 0.0 1.9679147005081177 0.0 0.0 0.0 1.0
0.0 0.0 2.1500000953674316 0.0 0.0 0.0 1.0 0.0 0.0 1.9686083793640137 0.0 0.0 0.0 1.0
0.0 0.0 2.1500000953674316 0.0 0.0 0.0 1.0 0.0 0.0 1.9693996906280518 0.0 0.0 0.0 1.0
0.0 0.0 2.1500000953674316 0.0 0.0 0.0 1.0 0.0 0.0 1.970282793045044 0.0 0.0 0.0 1.0
0.0 0.0 2.1500000953674316 0.0 0.0 0.0 1.0 0.0 0.0 1.9712512493133545 0.0 0.0 0.0 1.0
0.0 0.0 2.1500000953674316 0.0 0.0 0.0 1.0 0.0 0.0 1.9722981452941895 0.0 0.0 0.0 1.0
0.0 0.0 2.1500000953674316 0.0 0.0 0.0 1.0 0.0 0.0 1.9734165668487549 0.0 0.0 0.0 1.0
0.0 0.0 2.1500000953674316 0.0 0.0 0.0 1.0 0.0 0.0 1.9745994806289673 0.0 0.0 0.0 1.0
0.0 0.0 2.1500000953674316 0.0 0.0 0.0 1.0 0.0 0.0 1.9758397340774536 0.0 0.0 0.0 1.0
0.0 0.0 2.1500000953674316 0.0 0.0 0.0 1.0 0.0 0.0 1.9771298170089722 0.0 0.0 0.0 1.0
0.0 0.0 2.1500000953674316 0.0 0.0 0.0 1.0 0.0 0.0 1.9784621000289917 0.0 0.0 0.0 1.0
0.0 0.0 2.1500000953674316 0.0 0.0 0.0 1.0 0.0 0.0 1.9798285961151123 0.0 0.0 0.0 1.0
0.0 0.0 2.1500000953674316 0.0 0.0 0.0 1.0 0.0 0.0 1.981221079826355 0.0 0.0 0.0 1.0
0.0 0.0 2.1500000953674316 0.0 0.0 0.0 1.0 0.0 0.0 1.9826312065124512 0.0 0.0 0.0 1.0
0.0 0.0 2.1500000953674316 0.0 0.0 0.0 1.0 0.0 0.0 1.9840505123138428 0.0 0.0 0.0 1.0
0.0 0.0 2.1500000953674316 0.0 0.0 0.0 1.0 0.0 0.0 1.9854706525802612 0.0 0.0 0.0 1.0
0.0 0.0 2.1500000953674316 0.0 0.0 0.0 1.0 0.0 0.0 1.9868831634521484 0.0 0.0 0.0 1.0
0.0 0.0 2.1500000953674316 0.0 0.0 0.0 1.0 0.0 0.0 1.9882795810699463 0.0 0.0 0.0 1.0
0.0 0.0 2.1500000953674316 0.0 0.0 0.0 1.0 0.0 0.0 1.9896516799926758 0.0 0.0 0.0 1.0
0.0 0.0 2.1500000953674316 0.0 0.0 0.0 1.0 0.0 0.0 1.9909913539886475 0.0 0.0 0.0 1.0
0.0 0.0 2.1500000953674316 0.0 0.0 0.0 1.0 0.0 0.0 1.9922908544540405 0.0 0.0 0.0 1.0
0.0 0.0 2.1500000953674316 0.0 0.0 0.0 1.0 0.0 0.0 1.9935426712036133 0.0 0.0 0.0 1.0
0.0 0.0 2.1500000953674316 0.0 0.0 0.0 1.0 0.0 0.0 1.9947396516799927 0.0 0.0 0.0 1.0
0.0 0.0 2.1500000953674316 0.0 0.0 0.0 1.0 0.0 0.0 1.9958752393722534 0.0 0.0 0.0 1.0
0.0 0.0 2.1500000953674316 0.0 0.0 0.0 1.0 0.0 0.0 1.9969432353973389 0.0 0.0 0.0 1.0
0.0 0.0 2.1500000953674316 0.0 0.0 0.0 1.0 0.0 0.0 1.9979381561279297 0.0 0.0 0.0 1.0
0.0 0.0 2.1500000953674316 0.0 0.0 0.0 1.0 0.0 0.0 1.9988549947738647 0.0 0.0 0.0 1.0
0.0 0.0 2.1500000953674316 0.0 0.0 0.0 1.0 0.0 0.0 1.9996892213821411 0.0 0.0 0.0 1.0
0.0 0.0 2.1500000953674316 0.0 0.0 0.0 1.0 0.0 0.0 2.000436782836914 0.0 0.0 0.0 1.0
0.0 0.0 2.1500000953674316 0.0 0.0 0.0 1.0 0.0 0.0 2.001094341278076 0.0 0.0 0.0 1.0
0.0 0.0 2.1500000953674316 0.0 0.0 0.0 1.0 0.0 0.0 2.0016589164733887 0.0 0.0 0.0 1.0
0.0 0.0 2.1500000953674316 0.0 0.0 0.0 1.0 0.0 0.0 2.0021281242370605 0.0 0.0 0.0 1.0
0.0 0.0 2.1500000953674316 0.0 0.0 0.0 1.0 0.0 0.0 2.00249981880188 0.0 0.0 0.0 1.0
0.0 0.0 2.1500000953674316 0.0 0.0 0.0 1.0 0.0 0.0 2.002772569656372 0.0 0.0 0.0 1.0
0.0 0.0 2.1500000953674316 0.0 0.0 0.0 1.0 0.0 0.0 2.0029451847076416 0.0 0.0 0.0 1.0
0.0 0.0 2.1500000953674316 0.0 0.0 0.0 1.0 0.0 0.0 2.003016948699951 0.0 0.0 0.0 1.0
0.0 0.0 2.1500000953674316 0.0 0.0 0.0 1.0 0.0 0.0 2.0029876232147217 0.0 0.0 0.0 1.0
0.0 0.0 2.1500000953674316 0.0 0.0 0.0 1.0 0.0 0.0 2.0028574466705322 0.0 0.0 0.0 1.0
0.0 0.0 2.1500000953674316 0.0 0.0 0.0 1.0 0.0 0.0 2.00262713432312 0.0 0.0 0.0 1.0
0.0 0.0 2.1500000953674316 0.0 0.0 0.0 1.0 0.0 0.0 2.0022974014282227 0.0 0.0 0.0 1.0
0.0 0.0 2.1500000953674316 0.0 0.0 0.0 1.0 0.0 0.0 2.0018692016601562 0.0 0.0 0.0 1.0
0.0 0.0 2.1500000953674316 0.0 0.0 0.0 1.0 0.0 0.0 2.0013444423675537 0.0 0.0 0.0 1.0
0.0 0.0 2.1500000953674316 0.0 0.0 0.0 1.0 0.0 0.0 2.000725030899048 0.0 0.0 0.0 1.0
0.0 0.0 2.1500000953674316 0.0 0.0 0.0 1.0 0.0 0.0 2.0000133514404297 0.0 0.0 0.0 1.0
0.0 0.0 2.1500000953674316 0.0 0.0 0.0 1.0 0.0 0.0 1.9992122650146484 0.0 0.0 0.0 1.0
0.0 0.0 2.1500000953674316 0.0 0.0 0.0 1.0 0.0 0.0 1.9983253479003906 0.0 0.0 0.0 1.0
0.0 0.0 2.1500000953674316 0.0 0.0 0.0 1.0 0.0 0.0 1.9973564147949219 0.0 0.0 0.0 1.0
0.0 0.0 2.1500000953674316 0.0 0.0 0.0 1.0 0.0 0.0 1.9963098764419556 0.0 0.0 0.0 1.0
0.0 0.0 2.1500000953674316 0.0 0.0 0.0 1.0 0.0 0.0 1.9951907396316528 0.0 0.0 0.0 1.0
0.0 0.0 2.1500000953674316 0.0 0.0 0.0 1.0 0.0 0.0 1.9940046072006226 0.0 0.0 0.0 1.0
0.0 0.0 2.1500000953674316 0.0 0.0 0.0 1.0 0.0 0.0 1.9927574396133423 0.0 0.0 0.0 1.0
0.0 0.0 2.1500000953674316 0.0 0.0 0.0 1.0 0.0 0.0 1.9914557933807373 0.0 0.0 0.0 1.0
0.0 0.0 2.1500000953674316 0.0 0.0 0.0 1.0 0.0 0.0 1.9901067018508911 0.0 0.0 0.0 1.0
0.0 0.0 2.1500000953674316 0.0 0.0 0.0 1.0 0.0 0.0 1.988717794418335 0.0 0.0 0.0 1.0
0.0 0.0 2.1500000953674316 0.0 0.0 0.0 1.0 0.0 0.0 1.9872969388961792 0.0 0.0 0.0 1.0
0.0 0.0 2.1500000953674316 0.0 0.0 0.0 1.0 0.0 0.0 1.9858522415161133 0.0 0.0 0.0 1.0
0.0 0.0 2.1500000953674316 0.0 0.0 0.0 1.0 0.0 0.0 1.9843921661376953 0.0 0.0 0.0 1.0
0.0 0.0 2.1500000953674316 0.0 0.0 0.0 1.0 0.0 0.0 1.982925295829773 0.0 0.0 0.0 1.0
0.0 0.0 2.1500000953674316 0.0 0.0 0.0 1.0 0.0 0.0 1.9814603328704834 0.0 0.0 0.0 1.0
0.0 0.0 2.1500000953674316 0.0 0.0 0.0 1.0 0.0 0.0 1.9800058603286743 0.0 0.0 0.0 1.0
0.0 0.0 2.1500000953674316 0.0 0.0 0.0 1.0 0.0 0.0 1.978570580482483 0.0 0.0 0.0 1.0
0.0 0.0 2.1500000953674316 0.0 0.0 0.0 1.0 0.0 0.0 1.9771630764007568 0.0 0.0 0.0 1.0
0.0 0.0 2.1500000953674316 0.0 0.0 0.0 1.0 0.0 0.0 1.9757919311523438 0.0 0.0 0.0 1.0
0.0 0.0 2.1500000953674316 0.0 0.0 0.0 1.0 0.0 0.0 1.9744654893875122 0.0 0.0 0.0 1.0
0.0 0.0 2.1500000953674316 0.0 0.0 0.0 1.0 0.0 0.0 1.973191738128662 0.0 0.0 0.0 1.0
0.0 0.0 2.1500000953674316 0.0 0.0 0.0 1.0 0.0 0.0 1.9719785451889038 0.0 0.0 0.0 1.0
0.0 0.0 2.1500000953674316 0.0 0.0 0.0 1.0 0.0 0.0 1.970833659172058 0.0 0.0 0.0 1.0
0.0 0.0 2.1500000953674316 0.0 0.0 0.0 1.0 0.0 0.0 1.9697648286819458 0.0 0.0 0.0 1.0
0.0 0.0 2.1500000953674316 0.0 0.0 0.0 1.0 0.0 0.0 1.9687798023223877 0.0 0.0 0.0 1.0
0.0 0.0 2.1500000953674316 0.0 0.0 0.0 1.0 0.0 0.0 1.967886209487915 0.0 0.0 0.0 1.0
0.0 0.0 2.1500000953674316 0.0 0.0 0.0 1.0 0.0 0.0 1.9670913219451904 0.0 0.0 0.0 1.0
0.0 0.0 2.1500000953674316 0.0 0.0 0.0 1.0 0.0 0.0 1.9664016962051392 0.0 0.0 0.0 1.0
0.0 0.0 2.1500000953674316 0.0 0.0 0.0 1.0 0.0 0.0 1.9658231735229492 0.0 0.0 0.0 1.0
0.0 0.0 2.1500000953674316 0.0 0.0 0.0 1.0 0.0 0.0 1.9653606414794922 0.0 0.0 0.0 1.0
0.0 0.0 2.1500000953674316 0.0 0.0 0.0 1.0 0.0 0.0 1.9650182723999023 0.0 0.0 0.0 1.0
0.0 0.0 2.1500000953674316 0.0 0.0 0.0 1.0 0.0 0.0 1.9647990465164185 0.0 0.0 0.0 1.0
0.0 0.0 2.1500000953674316 0.0 0.0 0.0 1.0 0.0 0.0 1.9647051095962524 0.0 0.0 0.0 1.0
0.0 0.0 2.1500000953674316 0.0 0.0 0.0 1.0 0.0 0.0 1.9647375345230103 0.0 0.0 0.0 1.0
0.0 0.0 2.1500000953674316 0.0 0.0 0.0 1.0 0.0 0.0 1.9648964405059814 0.0 0.0 0.0 1.0
0.0 0.0 2.1500000953674316 0.0 0.0 0.0 1.0 0.0 0.0 1.9651809930801392 0.0 0.0 0.0 1.0
0.0 0.0 2.1500000953674316 0.0 0.0 0.0 1.0 0.0 0.0 1.9655892848968506 0.0 0.0 0.0 1.0
0.0 0.0 2.1500000953674316 0.0 0.0 0.0 1.0 0.0 0.0 1.9661184549331665 0.0 0.0 0.0 1.0
0.0 0.0 2.1500000953674316 0.0 0.0 0.0 1.0 0.0 0.0 1.9667645692825317 0.0 0.0 0.0 1.0
0.0 0.0 2.1500000953674316 0.0 0.0 0.0 1.0 0.0 0.0 1.9675228595733643 0.0 0.0 0.0 1.0
0.0 0.0 2.1500000953674316 0.0 0.0 0.0 1.0 0.0 0.0 1.9683876037597656 0.0 0.0 0.0 1.0
0.0 0.0 2.1500000953674316 0.0 0.0 0.0 1.0 0.0 0.0 1.9693522453308105 0.0 0.0 0.0 1.0
0.0 0.0 2.1500000953674316 0.0 0.0 0.0 1.0 0.0 0.0 1.9704095125198364 0.0 0.0 0.0 1.0
0.0 0.0 2.1500000953674316 0.0 0.0 0.0 1.0 0.0 0.0 1.9715516567230225 0.0 0.0 0.0 1.0
0.0 0.0 2.1500000953674316 0.0 0.0 0.0 1.0 0.0 0.0 1.9727706909179688 0.0 0.0 0.0 1.0
0.0 0.0 2.1500000953674316 0.0 0.0 0.0 1.0 0.0 0.0 1.9740586280822754 0.0 0.0 0.0 1.0
0.0 0.0 2.1500000953674316 0.0 0.0 0.0 1.0 0.0 0.0 1.975407361984253 0.0 0.0 0.0 1.0
0.0 0.0 2.1500000953674316 0.0 0.0 0.0 1.0 0.0 0.0 1.976808786392212 0.0 0.0 0.0 1.0
0.0 0.0 2.1500000953674316 0.0 0.0 0.0 1.0 0.0 0.0 1.9782545566558838 0.0 0.0 0.0 1.0
0.0 0.0 2.1500000953674316 0.0 0.0 0.0 1.0 0.0 0.0 1.979736089706421 0.0 0.0 0.0 1.0
0.0 0.0 2.1500000953674316 0.0 0.0 0.0 1.0 0.0 0.0 1.981244444847107 0.0 0.0 0.0 1.0
0.0 0.0 2.1500000953674316 0.0 0.0 0.0 1.0 0.0 0.0 1.982770562171936 0.0 0.0 0.0 1.0
0.0 0.0 2.1500000953674316 0.0 0.0 0.0 1.0 0.0 0.0 1.9843052625656128 0.0 0.0 0.0 1.0
0.0 0.0 2.1500000953674316 0.0 0.0 0.0 1.0 0.0 0.0 1.9858394861221313 0.0 0.0 0.0 1.0
0.0 0.0 2.1500000953674316 0.0 0.0 0.0 1.0 0.0 0.0 1.9873641729354858 0.0 0.0 0.0 1.0
0.0 0.0 2.1500000953674316 0.0 0.0 0.0 1.0 0.0 0.0 1.9888701438903809 0.0 0.0 0.0 1.0
0.0 0.0 2.1500000953674316 0.0 0.0 0.0 1.0 0.0 0.0 1.9903485774993896 0.0 0.0 0.0 1.0
0.0 0.0 2.1500000953674316 0.0 0.0 0.0 1.0 0.0 0.0 1.991790771484375 0.0 0.0 0.0 1.0
0.0 0.0 2.1500000953674316 0.0 0.0 0.0 1.0 0.0 0.0 1.9931883811950684 0.0 0.0 0.0 1.0
0.0 0.0 2.1500000953674316 0.0 0.0 0.0 1.0 0.0 0.0 1.9945334196090698 0.0 0.0 0.0 1.0
0.0 0.0 2.1500000953674316 0.0 0.0 0.0 1.0 0.0 0.0 1.9958183765411377 0.0 0.0 0.0 1.0
0.0 0.0 2.1500000953674316 0.0 0.0 0.0 1.0 0.0 0.0 1.997036337852478 0.0 0.0 0.0 1.0
0.0 0.0 2.1500000953674316 0.0 0.0 0.0 1.0 0.0 0.0 1.9981809854507446 0.0 0.0 0.0 1.0
0.0 0.0 2.1500000953674316 0.0 0.0 0.0 1.0 0.0 0.0 1.999246597290039 0.0 0.0 0.0 1.0
0.0 0.0 2.1500000953674316 0.0 0.0 0.0 1.0 0.0 0.0 2.000227928161621 0.0 0.0 0.0 1.0
0.0 0.0 2.1500000953674316 0.0 0.0 0.0 1.0 0.0 0.0 2.0011205673217773 0.0 0.0 0.0 1.0
0.0 0.0 2.1500000953674316 0.0 0.0 0.0 1.0 0.0 0.0 2.001920461654663 0.0 0.0 0.0 1.0
0.0 0.0 2.1500000953674316 0.0 0.0 0.0 1.0 0.0 0.0 2.002624034881592 0.0 0.0 0.0 1.0
0.0 0.0 2.1500000953674316 0.0 0.0 0.0 1.0 0.0 0.0 2.003228187561035 0.0 0.0 0.0 1.0
0.0 0.0 2.1500000953674316 0.0 0.0 0.0 1.0 0.0 0.0 2.0037307739257812 0.0 0.0 0.0 1.0
0.0 0.0 2.1500000953674316 0.0 0.0 0.0 1.0 0.0 0.0 2.004129409790039 0.0 0.0 0.0 1.0
0.0 0.0 2.1500000953674316 0.0 0.0 0.0 1.0 0.0 0.0 2.004422903060913 0.0 0.0 0.0 1.0
0.0 0.0 2.1500000953674316 0.0 0.0 0.0 1.0 0.0 0.0 2.0046098232269287 0.0 0.0 0.0 1.0
0.0 0.0 2.1500000953674316 0.0 0.0 0.0 1.0 0.0 0.0 2.0046896934509277 0.0 0.0 0.0 1.0
0.0 0.0 2.1500000953674316 0.0 0.0 0.0 1.0 0.0 0.0 2.004662275314331 0.0 0.0 0.0 1.0
0.0 0.0 2.1500000953674316 0.0 0.0 0.0 1.0 0.0 0.0 2.0045278072357178 0.0 0.0 0.0 1.0
0.0 0.0 2.1500000953674316 0.0 0.0 0.0 1.0 0.0 0.0 2.004286766052246 0.0 0.0 0.0 1.0
0.0 0.0 2.1500000953674316 0.0 0.0 0.0 1.0 0.0 0.0 2.0039401054382324 0.0 0.0 0.0 1.0
0.0 0.0 2.1500000953674316 0.0 0.0 0.0 1.0 0.0 0.0 2.003488779067993 0.0 0.0 0.0 1.0
0.0 0.0 2.1500000953674316 0.0 0.0 0.0 1.0 0.0 0.0 2.002934455871582 0.0 0.0 0.0 1.0
0.0 0.0 2.1500000953674316 0.0 0.0 0.0 1.0 0.0 0.0 2.002279043197632 0.0 0.0 0.0 1.0
0.0 0.0 2.1500000953674316 0.0 0.0 0.0 1.0 0.0 0.0 2.0015249252319336 0.0 0.0 0.0 1.0
0.0 0.0 2.1500000953674316 0.0 0.0 0.0 1.0 0.0 0.0 2.0006752014160156 0.0 0.0 0.0 1.0
0.0 0.0 2.1500000953674316 0.0 0.0 0.0 1.0 0.0 0.0 1.9997332096099854 0.0 0.0 0.0 1.0
0.0 0.0 2.1500000953674316 0.0 0.0 0.0 1.0 0.0 0.0 1.9987027645111084 0.0 0.0 0.0 1.0
0.0 0.0 2.1500000953674316 0.0 0.0 0.0 1.0 0.0 0.0 1.9975883960723877 0.0 0.0 0.0 1.0
0.0 0.0 2.1500000953674316 0.0 0.0 0.0 1.0 0.0 0.0 1.9963951110839844 0.0 0.0 0.0 1.0
0.0 0.0 2.1500000953674316 0.0 0.0 0.0 1.0 0.0 0.0 1.9951286315917969 0.0 0.0 0.0 1.0
0.0 0.0 2.1500000953674316 0.0 0.0 0.0 1.0 0.0 0.0 1.9937951564788818 0.0 0.0 0.0 1.0
0.0 0.0 2.1500000953674316 0.0 0.0 0.0 1.0 0.0 0.0 1.9924014806747437 0.0 0.0 0.0 1.0
0.0 0.0 2.1500000953674316 0.0 0.0 0.0 1.0 0.0 0.0 1.9909549951553345 0.0 0.0 0.0 1.0
0.0 0.0 2.1500000953674316 0.0 0.0 0.0 1.0 0.0 0.0 1.9894636869430542 0.0 0.0 0.0 1.0
0.0 0.0 2.1500000953674316 0.0 0.0 0.0 1.0 0.0 0.0 1.9879359006881714 0.0 0.0 0.0 1.0
0.0 0.0 2.1500000953674316 0.0 0.0 0.0 1.0 0.0 0.0 1.9863803386688232 0.0 0.0 0.0 1.0
0.0 0.0 2.1500000953674316 0.0 0.0 0.0 1.0 0.0 0.0 1.9848060607910156 0.0 0.0 0.0 1.0
0.0 0.0 2.1500000953674316 0.0 0.0 0.0 1.0 0.0 0.0 1.9832223653793335 0.0 0.0 0.0 1.0
0.0 0.0 2.1500000953674316 0.0 0.0 0.0 1.0 0.0 0.0 1.9816384315490723 0.0 0.0 0.0 1.0
0.0 0.0 2.1500000953674316 0.0 0.0 0.0 1.0 0.0 0.0 1.9800636768341064 0.0 0.0 0.0 1.0
0.0 0.0 2.1500000953674316 0.0 0.0 0.0 1.0 0.0 0.0 1.9785075187683105 0.0 0.0 0.0 1.0
0.0 0.0 2.1500000953674316 0.0 0.0 0.0 1.0 0.0 0.0 1.976979374885559 0.0 0.0 0.0 1.0
0.0 0.0 2.1500000953674316 0.0 0.0 0.0 1.0 0.0 0.0 1.9754884243011475 0.0 0.0 0.0 1.0
0.0 0.0 2.1500000953674316 0.0 0.0 0.0 1.0 0.0 0.0 1.974043607711792 0.0 0.0 0.0 1.0
0.0 0.0 2.1500000953674316 0.0 0.0 0.0 1.0 0.0 0.0 1.972653865814209 0.0 0.0 0.0 1.0
0.0 0.0 2.1500000953674316 0.0 0.0 0.0 1.0 0.0 0.0 1.971327781677246 0.0 0.0 0.0 1.0
0.0 0.0 2.1500000953674316 0.0 0.0 0.0 1.0 0.0 0.0 1.970073938369751 0.0 0.0 0.0 1.0
0.0 0.0 2.1500000953674316 0.0 0.0 0.0 1.0 0.0 0.0 1.9689011573791504 0.0 0.0 0.0 1.0
0.0 0.0 2.1500000953674316 0.0 0.0 0.0 1.0 0.0 0.0 1.9678183794021606 0.0 0.0 0.0 1.0
0.0 0.0 2.1500000953674316 0.0 0.0 0.0 1.0 0.0 0.0 1.966834306716919 0.0 0.0 0.0 1.0
0.0 0.0 2.1500000953674316 0.0 0.0 0.0 1.0 0.0 0.0 1.9659570455551147 0.0 0.0 0.0 1.0
0.0 0.0 2.1500000953674316 0.0 0.0 0.0 1.0 0.0 0.0 1.9651938676834106 0.0 0.0 0.0 1.0
0.0 0.0 2.1500000953674316 0.0 0.0 0.0 1.0 0.0 0.0 1.9645510911941528 0.0 0.0 0.0 1.0
0.0 0.0 2.1500000953674316 0.0 0.0 0.0 1.0 0.0 0.0 1.9640343189239502 0.0 0.0 0.0 1.0
0.0 0.0 2.1500000953674316 0.0 0.0 0.0 1.0 0.0 0.0 1.9636480808258057 0.0 0.0 0.0 1.0
0.0 0.0 2.1500000953674316 0.0 0.0 0.0 1.0 0.0 0.0 1.9633957147598267 0.0 0.0 0.0 1.0
0.0 0.0 2.1500000953674316 0.0 0.0 0.0 1.0 0.0 0.0 1.9632797241210938 0.0 0.0 0.0 1.0
0.0 0.0 2.1500000953674316 0.0 0.0 0.0 1.0 0.0 0.0 1.9633013010025024 0.0 0.0 0.0 1.0
0.0 0.0 2.1500000953674316 0.0 0.0 0.0 1.0 0.0 0.0 1.9634608030319214 0.0 0.0 0.0 1.0
0.0 0.0 2.1500000953674316 0.0 0.0 0.0 1.0 0.0 0.0 1.9637572765350342 0.0 0.0 0.0 1.0
0.0 0.0 2.1500000953674316 0.0 0.0 0.0 1.0 0.0 0.0 1.964188814163208 0.0 0.0 0.0 1.0
0.0 0.0 2.1500000953674316 0.0 0.0 0.0 1.0 0.0 0.0 1.964752435684204 0.0 0.0 0.0 1.0
0.0 0.0 2.1500000953674316 0.0 0.0 0.0 1.0 0.0 0.0 1.9654439687728882 0.0 0.0 0.0 1.0
0.0 0.0 2.1500000953674316 0.0 0.0 0.0 1.0 0.0 0.0 1.9662584066390991 0.0 0.0 0.0 1.0
0.0 0.0 2.1500000953674316 0.0 0.0 0.0 1.0 0.0 0.0 1.9671895503997803 0.0 0.0 0.0 1.0
0.0 0.0 2.1500000953674316 0.0 0.0 0.0 1.0 0.0 0.0 1.9682303667068481 0.0 0.0 0.0 1.0
0.0 0.0 2.1500000953674316 0.0 0.0 0.0 1.0 0.0 0.0 1.9693727493286133 0.0 0.0 0.0 1.0
0.0 0.0 2.1500000953674316 0.0 0.0 0.0 1.0 0.0 0.0 1.9706082344055176 0.0 0.0 0.0 1.0
0.0 0.0 2.1500000953674316 0.0 0.0 0.0 1.0 0.0 0.0 1.9719276428222656 0.0 0.0 0.0 1.0
0.0 0.0 2.1500000953674316 0.0 0.0 0.0 1.0 0.0 0.0 1.973321795463562 0.0 0.0 0.0 1.0
0.0 0.0 2.1500000953674316 0.0 0.0 0.0 1.0 0.0 0.0 1.9747816324234009 0.0 0.0 0.0 1.0
0.0 0.0 2.1500000953674316 0.0 0.0 0.0 1.0 0.0 0.0 1.976298213005066 0.0 0.0 0.0 1.0
